4

41 1 100 R
67 1 10 C
34 1 200 E
2 1 500 R
69 1 100 R
24 1 100 C
78 1 200 E
58 1 50 C
58 2 50 C
62 1 100 R
64 1 100 R
5 1 200 E
45 1 500 C

42 7 1 U
68 1 7 C
35 8 7 U
1 5 11 R
70 9 14 I
25 4 21 E
79 9 29 E
42 3 36 R
59 8 37 R
63 9 44 R
65 2 51 I
6 7 51 R
46 8 52 U
70 5 56 E
82 3 57 I
28 4 62 I
62 6 67 U
92 8 74 R
96 9 79 C

42 2 7 C
68 9 13 C
35 6 21 C
1 5 21 U
70 7 25 C
25 6 26 U
79 8 29 I
35 9 32 I
59 3 40 U
63 5 46 R
65 6 55 R
6 5 60 U
46 5 69 E
82 1 76 U
28 2 80 I
62 3 89 C
92 8 89 R
96 6 98 I
43 6 106 E
62 7 115 I
37 2 115 C

42 4 1 U
68 6 8 C
35 4 11 C
1 2 17 C
70 9 23 R
25 5 28 C
79 8 34 R
59 9 42 E
63 9 44 E
65 9 50 E
6 1 50 E
46 4 51 C
82 2 58 R
28 7 66 U
28 2 72 R
62 4 78 C
92 1 79 R
96 4 88 U
43 3 97 U
37 9 100 I
5 9 104 I
3 8 113 R
25 6 114 U
54 2 119 I
